8.500000
5
1
6
77 33 94 71 39 61
79 6 5 83 19 6
46 62 52 18 37 73
1 45 11 4 85 95
31 37 51 51 54 94
38 90 1 55 33 17
2
7
22 91 72 91 91 7 76
94 33 25 58 23 38 74
52 10 62 83 11 35 57
43 64 97 32 2 70 64
26 31 53 11 24 69 50
83 80 37 31 9 52 33
92 70 51 2 43 3 76
3
5
84 54 54 27 19
49 62 75 53 70
69 26 45 33 98
30 83 25 36 31
34 90 58 85 8
4
6
68 79 35 10 92 9
52 10 69 21 83 55
90 95 62 47 98 3
10 44 61 27 73 22
89 85 54 8 49 25
68 6 78 6 73 8
5
5
75 26 44 54 38
63 63 33 56 9
68 89 59 1 71
1 26 2 84 28
84 63 98 49 44
3
1
3
52 75 9
22 42 15
87 63 43
2
4
54 12 46 80
20 6 22 6
18 11 53 6
1 12 2 92
3
3
27 77 19
95 11 80
78 55 46