0.01000
3
1
10
0  1  2  3  4  5  6  7  8  9  
0  1  2  3  4  5  6  7  8  9  
0  1  2  3  4  5  6  7  8  9  
0  1  2  3  4  5  6  7  8  9  
0  1  2  3  4  5  6  7  8  9  
0  1  2  3  4  5  6  7  8  9  
0  1  2  3  4  5  6  7  8  9  
0  1  2  3  4  5  6  7  8  9  
0  1  2  3  4  5  6  7  8  9  
0  1  2  3  4  5  6  7  8  9
2
10
0  1  2  3  4  5  6  7  8  9  
0  1  2  3  4  5  6  7  8  9  
0  1  2  3  4  5  6  7  8  9  
0  1  2  3  4  5  6  7  8  9  
0  1  2  3  4  5  6  7  8  9  
0  1  2  3  4  5  6  7  8  9  
0  1  2  3  4  5  6  7  8  9  
0  1  2  3  4  5  6  7  8  9  
0  1  2  3  4  5  6  7  8  9  
0  1  2  3  4  5  6  7  8  9
3
10
0  1  2  3  4  5  6  7  8  9  
0  1  2  3  4  5  6  7  8  9  
0  1  2  3  4  5  6  7  8  9  
0  1  2  3  4  5  6  7  8  9  
0  1  2  3  4  5  6  7  8  9  
0  1  2  3  4  5  6  7  8  9  
0  1  2  3  4  5  6  7  8  9  
0  1  2  3  4  5  6  7  8  9  
0  1  2  3  4  5  6  7  8  9  
0  1  2  3  4  5  6  7  8  9
2
1
4
4  5  6  7  
4  5  6  7  
4  5  6  7  
4  5  6  7
2
5
4  5  6  7  8 
4  5  6  7  8
4  5  6  7  8
4  5  6  7  8
4  5  6  7  8