9.500000
5
1
6
77 33 94 71 39 61
79 6 5 83 19 6
46 62 52 18 37 73
1 45 11 4 85 95
31 37 51 51 54 94
38 90 1 55 33 17
2
7
22 91 72 91 91 7 76
94 33 25 58 23 38 74
52 10 62 83 11 35 57
43 64 97 32 2 70 64
26 31 53 11 24 69 50
83 80 37 31 9 52 33
92 70 51 2 43 3 76
3
5
84 54 54 27 19
49 62 75 53 70
69 26 45 33 98
30 83 25 36 31
34 90 58 85 8
4
6
68 79 35 10 92 9
52 10 69 21 83 55
90 95 62 47 98 3
10 44 61 27 73 22
89 85 54 8 49 25
68 6 78 6 73 8
5
5
75 26 44 54 38
63 63 33 56 9
68 89 59 1 71
1 26 2 84 28
84 63 98 49 44
10
1 
3
79 61 43
25 28 60
42 9 24
2 
3
59 95 62
84 38 32
4 18 11
3 
4
91 9 80 89
39 43 23 54
87 25 25 68
76 72 29 8
4 
5
53 50 23 98 1
50 69 97 3 76
99 80 46 8 60
72 68 83 77 50
28 48 90 98 24
5 
4
33 94 87 53
34 3 58 68
69 84 11 84
21 34 60 4
6 
4
9 91 91 12
91 2 29 24
25 38 22 28
90 11 49 25
7 
4
17 59 87 57
25 64 35 73
7 19 94 83
7 45 47 73
8 
3
58 73 7
47 45 75
29 3 92
9 
3
56 14 34
30 26 33
12 83 67
10 
5
27 60 49 10 27
46 71 22 27 83
92 57 87 34 77
36 20 58 87 27
31 35 70 30 75
